im = imread('115116.png');

x=[ ...
    283 287 
    281 362 
    474 346 
    463 430 
    527 339 
    537 271 
    377 233 ];

indexMapping=[3, 7, 2, 6, 5, 1, 4];
x(indexMapping,:) = x

idx = [1, 1, 1, 1, 1, 1, 1]

A = [...
     1     1     1     1     0     0     0     0     1     1     1     1
     1    -1     1     1     0     0     0     0     1    -1     1     1
    -1    -1     1     1     0     0     0     0    -1    -1     1     1
    -1     1     1     1     0     0     0     0    -1     1     1     1
     1     1    -1     1     0     0     0     0     1     1    -1     1
     1    -1    -1     1     0     0     0     0     1    -1    -1     1
    -1    -1    -1     1     0     0     0     0    -1    -1    -1     1
     0     0     0     0     1     1     1     1     1     1     1     1
     0     0     0     0     1    -1     1     1     1    -1     1     1
     0     0     0     0    -1    -1     1     1    -1    -1     1     1
     0     0     0     0    -1     1     1     1    -1     1     1     1
     0     0     0     0     1     1    -1     1     1     1    -1     1
     0     0     0     0     1    -1    -1     1     1    -1    -1     1
     0     0     0     0    -1    -1    -1     1    -1    -1    -1     1];