im = imread('1790648.jpg');
x=[ ...
    257.2424  138.9868
    18.6689   40.1650
    243.6928  443.2831
    480.1527   82.6817
    39.8361  251.4808
    210.9583   19.6815
    436.2677  327.5866];

indexMapping=[2 3 6 1 7 4 5];

A = [...
     1     1     1     1     0     0     0     0     1     1     1     1
     1    -1     1     1     0     0     0     0     1    -1     1     1
    -1    -1     1     1     0     0     0     0    -1    -1     1     1
    -1     1     1     1     0     0     0     0    -1     1     1     1
     1     1    -1     1     0     0     0     0     1     1    -1     1
     1    -1    -1     1     0     0     0     0     1    -1    -1     1
    -1    -1    -1     1     0     0     0     0    -1    -1    -1     1
     0     0     0     0     1     1     1     1     1     1     1     1
     0     0     0     0     1    -1     1     1     1    -1     1     1
     0     0     0     0    -1    -1     1     1    -1    -1     1     1
     0     0     0     0    -1     1     1     1    -1     1     1     1
     0     0     0     0     1     1    -1     1     1     1    -1     1
     0     0     0     0     1    -1    -1     1     1    -1    -1     1
     0     0     0     0    -1    -1    -1     1    -1    -1    -1     1];